0.000E+00 ,1.943E-03 ,1.943E-03 ,1.943E-03 ,1.943E-03 
1.943E-03 ,1.943E-03 ,1.943E-03 ,1.943E-03 ,1.942E-03 
1.943E-03 ,1.943E-03 ,1.943E-03 ,1.942E-03 ,1.942E-03 
1.943E-03 ,1.943E-03 ,1.942E-03 ,1.942E-03 ,1.941E-03 
1.943E-03 ,1.942E-03 ,1.942E-03 ,1.941E-03 ,1.941E-03 
1.942E-03 ,1.942E-03 ,1.941E-03 ,1.941E-03 ,1.940E-03 
1.942E-03 ,1.941E-03 ,1.941E-03 ,1.940E-03 ,1.939E-03 
1.941E-03 ,1.941E-03 ,1.940E-03 ,1.939E-03 ,1.938E-03 
1.941E-03 ,1.940E-03 ,1.939E-03 ,1.938E-03 ,1.937E-03 
1.940E-03 ,1.939E-03 ,1.938E-03 ,1.937E-03 ,1.936E-03 
1.939E-03 ,1.939E-03 ,1.938E-03 ,1.936E-03 ,1.935E-03 
1.939E-03 ,1.938E-03 ,1.937E-03 ,1.935E-03 ,1.934E-03 
1.938E-03 ,1.937E-03 ,1.935E-03 ,1.934E-03 ,1.933E-03 
1.937E-03 ,1.935E-03 ,1.934E-03 ,1.933E-03 ,1.931E-03 
1.935E-03 ,1.934E-03 ,1.933E-03 ,1.932E-03 ,1.930E-03 
1.934E-03 ,1.933E-03 ,1.932E-03 ,1.930E-03 ,1.928E-03 
1.933E-03 ,1.932E-03 ,1.930E-03 ,1.929E-03 ,1.927E-03 
1.931E-03 ,1.930E-03 ,1.929E-03 ,1.927E-03 ,1.925E-03 
1.930E-03 ,1.929E-03 ,1.927E-03 ,1.925E-03 ,1.923E-03 
1.928E-03 ,1.927E-03 ,1.925E-03 ,1.923E-03 ,1.921E-03 
1.927E-03 ,1.925E-03 ,1.924E-03 ,1.922E-03 ,1.919E-03 
1.925E-03 ,1.923E-03 ,1.922E-03 ,1.920E-03 ,1.917E-03 
1.923E-03 ,1.922E-03 ,1.920E-03 ,1.918E-03 ,1.915E-03 
1.921E-03 ,1.920E-03 ,1.918E-03 ,1.916E-03 ,1.913E-03 
1.919E-03 ,1.917E-03 ,1.916E-03 ,1.913E-03 ,1.911E-03 
1.917E-03 ,1.915E-03 ,1.913E-03 ,1.911E-03 ,1.909E-03 
1.915E-03 ,1.913E-03 ,1.911E-03 ,1.909E-03 ,1.906E-03 
1.912E-03 ,1.911E-03 ,1.909E-03 ,1.906E-03 ,1.904E-03 
1.910E-03 ,1.908E-03 ,1.906E-03 ,1.904E-03 ,1.901E-03 
1.908E-03 ,1.906E-03 ,1.904E-03 ,1.901E-03 ,1.898E-03 
1.905E-03 ,1.903E-03 ,1.901E-03 ,1.899E-03 ,1.896E-03 
1.902E-03 ,1.900E-03 ,1.898E-03 ,1.896E-03 ,1.893E-03 
1.900E-03 ,1.898E-03 ,1.896E-03 ,1.893E-03 ,1.890E-03 
1.897E-03 ,1.895E-03 ,1.893E-03 ,1.890E-03 ,1.887E-03 
1.894E-03 ,1.892E-03 ,1.890E-03 ,1.887E-03 ,1.884E-03 
1.891E-03 ,1.889E-03 ,1.887E-03 ,1.884E-03 ,1.881E-03 
1.888E-03 ,1.886E-03 ,1.883E-03 ,1.881E-03 ,1.878E-03 
1.884E-03 ,1.882E-03 ,1.880E-03 ,1.878E-03 ,1.874E-03 
1.881E-03 ,1.879E-03 ,1.877E-03 ,1.874E-03 ,1.871E-03 
1.877E-03 ,1.876E-03 ,1.874E-03 ,1.871E-03 ,1.867E-03 
1.874E-03 ,1.872E-03 ,1.870E-03 ,1.867E-03 ,1.864E-03 
1.870E-03 ,1.869E-03 ,1.866E-03 ,1.864E-03 ,1.860E-03 
1.867E-03 ,1.865E-03 ,1.863E-03 ,1.860E-03 ,1.857E-03 
1.863E-03 ,1.861E-03 ,1.859E-03 ,1.856E-03 ,1.853E-03 
1.859E-03 ,1.857E-03 ,1.855E-03 ,1.853E-03 ,1.849E-03 
1.855E-03 ,1.853E-03 ,1.851E-03 ,1.849E-03 ,1.845E-03 
1.851E-03 ,1.849E-03 ,1.847E-03 ,1.845E-03 ,1.841E-03 
1.846E-03 ,1.845E-03 ,1.843E-03 ,1.841E-03 ,1.837E-03 
1.842E-03 ,1.841E-03 ,1.839E-03 ,1.836E-03 ,1.833E-03 
1.838E-03 ,1.837E-03 ,1.835E-03 ,1.832E-03 ,1.829E-03 
1.833E-03 ,1.832E-03 ,1.830E-03 ,1.828E-03 ,1.824E-03 
1.829E-03 ,1.828E-03 ,1.826E-03 ,1.824E-03 ,1.820E-03 
1.824E-03 ,1.823E-03 ,1.821E-03 ,1.819E-03 ,1.816E-03 
1.819E-03 ,1.818E-03 ,1.817E-03 ,1.814E-03 ,1.811E-03 
1.814E-03 ,1.814E-03 ,1.812E-03 ,1.810E-03 ,1.806E-03 
1.809E-03 ,1.809E-03 ,1.807E-03 ,1.805E-03 ,1.802E-03 
1.804E-03 ,1.804E-03 ,1.802E-03 ,1.800E-03 ,1.797E-03 
1.799E-03 ,1.799E-03 ,1.797E-03 ,1.795E-03 ,1.792E-03 
1.793E-03 ,1.793E-03 ,1.792E-03 ,1.790E-03 ,1.787E-03 
1.788E-03 ,1.788E-03 ,1.787E-03 ,1.785E-03 ,1.782E-03 
1.782E-03 ,1.783E-03 ,1.782E-03 ,1.780E-03 ,1.777E-03 
1.777E-03 ,1.777E-03 ,1.776E-03 ,1.775E-03 ,1.772E-03 
1.771E-03 ,1.772E-03 ,1.771E-03 ,1.769E-03 ,1.766E-03 
1.765E-03 ,1.766E-03 ,1.765E-03 ,1.764E-03 ,1.761E-03 
1.759E-03 ,1.760E-03 ,1.760E-03 ,1.758E-03 ,1.756E-03 
1.753E-03 ,1.754E-03 ,1.754E-03 ,1.753E-03 ,1.750E-03 
1.747E-03 ,1.748E-03 ,1.748E-03 ,1.747E-03 ,1.744E-03 
1.740E-03 ,1.742E-03 ,1.742E-03 ,1.741E-03 ,1.739E-03 
1.734E-03 ,1.736E-03 ,1.736E-03 ,1.735E-03 ,1.733E-03 
1.727E-03 ,1.729E-03 ,1.730E-03 ,1.729E-03 ,1.727E-03 
1.720E-03 ,1.723E-03 ,1.723E-03 ,1.723E-03 ,1.721E-03 
1.714E-03 ,1.716E-03 ,1.717E-03 ,1.717E-03 ,1.714E-03 
1.707E-03 ,1.709E-03 ,1.710E-03 ,1.710E-03 ,1.708E-03 
1.699E-03 ,1.702E-03 ,1.704E-03 ,1.704E-03 ,1.702E-03 
1.692E-03 ,1.695E-03 ,1.697E-03 ,1.697E-03 ,1.695E-03 
1.685E-03 ,1.688E-03 ,1.690E-03 ,1.690E-03 ,1.689E-03 
1.677E-03 ,1.681E-03 ,1.683E-03 ,1.683E-03 ,1.682E-03 
1.670E-03 ,1.674E-03 ,1.676E-03 ,1.676E-03 ,1.675E-03 
1.662E-03 ,1.666E-03 ,1.669E-03 ,1.669E-03 ,1.668E-03 
1.654E-03 ,1.658E-03 ,1.661E-03 ,1.662E-03 ,1.661E-03 
1.646E-03 ,1.651E-03 ,1.654E-03 ,1.655E-03 ,0.000E+00 
1.638E-03 ,1.643E-03 ,1.646E-03 ,0.000E+00 ,0.000E+00 
